# root def
64; 2; 3; -1.358e-03 +/- 1.1e-05
64; 2; 5; -1.054e-03 +/- 5.1e-05
64; 2; 8; 1.176e-03 +/- 2.4e-05
64; 2; 13; 5.931e-03 +/- 2.5e-05
64; 2; 21; 1.7299e-02 +/- 4.7e-05
64; 2; 30; FAIL
64; 3; 3; 1.389e-03 +/- 2.6e-05
64; 3; 5; 2.2239e-02 +/- 3.6e-05
64; 3; 8; 1.2996e-02 +/- 4.3e-05
64; 3; 13; 3.9368e-02 +/- 5.3e-05
64; 3; 21; FAIL
64; 3; 30; FAIL
64; 4; 3; 1.334e-03 +/- 1.7e-05
64; 4; 5; 1.9444e-02 +/- 4.8e-05
64; 4; 8; 1.2067e-02 +/- 2.3e-05
64; 4; 13; 3.3517e-02 +/- 3.4e-05
64; 4; 21; FAIL
64; 4; 30; FAIL
64; 5; 3; 1.664e-03 +/- 3.3e-05
64; 5; 5; 1.8416e-02 +/- 3.4e-05
64; 5; 8; 2.0793e-02 +/- 4.5e-05
64; 5; 13; FAIL
64; 5; 21; FAIL
64; 5; 30; FAIL
64; 9; 3; 2.072e-03 +/- 3.0e-05
64; 9; 5; 1.9721e-02 +/- 3.1e-05
64; 9; 8; FAIL
64; 9; 13; FAIL
64; 9; 21; FAIL
64; 9; 30; FAIL
64; 13; 3; 3.800e-03 +/- 1.2e-05
64; 13; 5; 2.7515e-02 +/- 3.3e-05
64; 13; 8; FAIL
64; 13; 13; FAIL
64; 13; 21; FAIL
64; 13; 30; FAIL
256; 2; 3; -3.74e-04 +/- 5.6e-05
256; 2; 5; 1.654e-03 +/- 2.1e-05
256; 2; 8; 1.2066e-02 +/- 3.2e-05
256; 2; 13; 4.5464e-02 +/- 7.1e-05
256; 2; 21; 1.32786e-01 +/- 8.8e-05
256; 2; 30; 2.6552e-01 +/- 2.4e-04
256; 3; 3; 1.742e-03 +/- 1.5e-05
256; 3; 5; 2.4019e-02 +/- 5.1e-05
256; 3; 8; 3.2835e-02 +/- 3.1e-05
256; 3; 13; 1.08811e-01 +/- 5.1e-05
256; 3; 21; 2.9582e-01 +/- 2.2e-04
256; 3; 30; 7.1866e-01 +/- 5.7e-04
256; 4; 3; 1.784e-03 +/- 2.0e-05
256; 4; 5; 2.0919e-02 +/- 2.8e-05
256; 4; 8; 2.2437e-02 +/- 3.8e-05
256; 4; 13; 7.7612e-02 +/- 7.9e-05
256; 4; 21; 2.3003e-01 +/- 1.8e-04
256; 4; 30; 6.3579e-01 +/- 2.1e-04
256; 5; 3; 2.781e-03 +/- 2.4e-05
256; 5; 5; 2.0564e-02 +/- 5.3e-05
256; 5; 8; 4.4758e-02 +/- 2.3e-05
256; 5; 13; 1.4235e-01 +/- 1.5e-04
256; 5; 21; 4.4981e-01 +/- 5.4e-04
256; 5; 30; 1.06884e+00 +/- 6.4e-04
256; 9; 3; 3.718e-03 +/- 1.6e-05
256; 9; 5; 2.8544e-02 +/- 3.7e-05
256; 9; 8; 8.9793e-02 +/- 3.9e-05
256; 9; 13; 3.5363e-01 +/- 2.0e-04
256; 9; 21; 1.34752e+00 +/- 8.8e-04
256; 9; 30; FAIL
256; 13; 3; 7.163e-03 +/- 2.3e-05
256; 13; 5; 4.9485e-02 +/- 6.2e-05
256; 13; 8; 2.0127e-01 +/- 1.3e-04
256; 13; 13; 7.3242e-01 +/- 4.4e-04
256; 13; 21; FAIL
256; 13; 30; FAIL
1024; 2; 3; 1.2055e-02 +/- 2.9e-05
1024; 2; 5; 4.2026e-02 +/- 5.2e-05
1024; 2; 8; 1.68100e-01 +/- 6.4e-05
1024; 2; 13; 5.9364e-01 +/- 1.1e-04
1024; 2; 21; 1.71447e+00 +/- 9.0e-04
1024; 2; 30; 3.3169e+00 +/- 1.3e-03
1024; 3; 3; 3.370e-03 +/- 2.8e-05
1024; 3; 5; 3.1768e-02 +/- 6.5e-05
1024; 3; 8; 2.22234e-01 +/- 7.5e-05
1024; 3; 13; 7.9612e-01 +/- 3.5e-04
1024; 3; 21; 2.11874e+00 +/- 3.8e-04
1024; 3; 30; 4.6906e+00 +/- 1.3e-03
1024; 4; 3; 3.888e-03 +/- 2.5e-05
1024; 4; 5; 2.7701e-02 +/- 4.0e-05
1024; 4; 8; 6.2845e-02 +/- 4.1e-05
1024; 4; 13; 2.48455e-01 +/- 8.9e-05
1024; 4; 21; 7.6804e-01 +/- 2.1e-04
1024; 4; 30; 1.87905e+00 +/- 6.3e-04
1024; 5; 3; 5.730e-03 +/- 2.9e-05
1024; 5; 5; 3.0208e-02 +/- 4.5e-05
1024; 5; 8; 2.52456e-01 +/- 6.4e-05
1024; 5; 13; 8.9479e-01 +/- 3.1e-04
1024; 5; 21; 2.72176e+00 +/- 5.5e-04
1024; 5; 30; 5.91587e+00 +/- 7.7e-04
1024; 9; 3; 1.0033e-02 +/- 2.5e-05
1024; 9; 5; 7.1118e-02 +/- 4.3e-05
1024; 9; 8; 4.3443e-01 +/- 2.4e-04
1024; 9; 13; 1.75027e+00 +/- 6.3e-04
1024; 9; 21; 6.595e+00 +/- 1.8e-02
1024; 9; 30; 1.75395e+01 +/- 4.5e-03
1024; 13; 3; 2.3967e-02 +/- 3.3e-05
1024; 13; 5; 1.65302e-01 +/- 5.5e-05
1024; 13; 8; 8.9513e-01 +/- 2.3e-04
1024; 13; 13; 3.31442e+00 +/- 7.5e-04
1024; 13; 21; 1.72334e+01 +/- 9.5e-03
1024; 13; 30; 5.0022e+01 +/- 4.0e-02
4096; 2; 3; 5.5624e-01 +/- 1.4e-04
4096; 2; 5; 1.85811e+00 +/- 4.4e-04
4096; 2; 8; 5.2998e+00 +/- 1.6e-03
4096; 2; 13; 1.72785e+01 +/- 4.9e-03
4096; 2; 21; 4.7133e+01 +/- 1.8e-02
4096; 2; 30; 8.7781e+01 +/- 2.0e-02
4096; 3; 3; 2.3502e-02 +/- 2.6e-05
4096; 3; 5; 1.10953e-01 +/- 6.1e-05
4096; 3; 8; 2.98106e+00 +/- 9.5e-04
4096; 3; 13; 1.08707e+01 +/- 3.1e-03
4096; 3; 21; 2.86559e+01 +/- 4.2e-03
4096; 3; 30; 6.2233e+01 +/- 1.2e-02
4096; 4; 3; 2.7158e-02 +/- 2.4e-05
4096; 4; 5; 8.9994e-02 +/- 3.9e-05
4096; 4; 8; 3.97958e-01 +/- 4.8e-05
4096; 4; 13; 1.63456e+00 +/- 4.3e-04
4096; 4; 21; 5.1160e+00 +/- 1.3e-03
4096; 4; 30; 1.19156e+01 +/- 1.1e-03
4096; 5; 3; 3.4839e-02 +/- 2.5e-05
4096; 5; 5; 1.23232e-01 +/- 3.9e-05
4096; 5; 8; 3.12091e+00 +/- 6.8e-04
4096; 5; 13; 1.12671e+01 +/- 1.8e-03
4096; 5; 21; 3.29750e+01 +/- 7.6e-03
4096; 5; 30; 6.9168e+01 +/- 1.8e-02
4096; 9; 3; 6.3939e-02 +/- 3.8e-05
4096; 9; 5; 4.3169e-01 +/- 1.4e-04
4096; 9; 8; 4.38198e+00 +/- 6.1e-04
4096; 9; 13; 1.71959e+01 +/- 3.1e-03
4096; 9; 21; 5.93139e+01 +/- 7.1e-03
4096; 9; 30; 1.52656e+02 +/- 1.3e-02
4096; 13; 3; 1.62099e-01 +/- 6.0e-05
4096; 13; 5; 1.12732e+00 +/- 4.9e-04
4096; 13; 8; 7.7024e+00 +/- 1.4e-03
4096; 13; 13; 2.80832e+01 +/- 3.1e-03
4096; 13; 21; 1.36716e+02 +/- 2.2e-02
4096; 13; 30; 3.88983e+02 +/- 4.3e-02
